0.25,1,5447,345.4114081,26026206.16,,
0.25,1,5458,345.4114081,26138562.11,,
0.25,1,5552,345.4114081,27108564.77,a,38723336.4
0.25,1,5502,345.4114081,26590405.91,b,28526.573
0.25,1,5551,345.4114081,27098152.59,c,0.063547848
0.25,1,5502,345.4114081,26590405.91,d,2.76612E-05
0.25,1,5551,345.4114081,27098152.59,e,1
0.25,1,5502,345.4114081,26590405.91,ss,6924613005
0.25,1,5551,345.4114081,27098152.59,,
0.25,1,5502,345.4114081,26590405.91,,
0.25,1,5551,345.4114081,27098152.59,,
0.25,1,5502,345.4114081,26590405.91,,
0.25,1,5551,345.4114081,27098152.59,,
0.25,1,5502,345.4114081,26590405.91,,
0.25,1,5551,345.4114081,27098152.59,,
0.25,1,5502,345.4114081,26590405.91,,
0.25,1,5551,345.4114081,27098152.59,,
0.25,1,5502,345.4114081,26590405.91,,
0.25,1,5551,345.4114081,27098152.59,,
0.25,1,5502,345.4114081,26590405.91,,
0.25,1,5551,345.4114081,27098152.59,,
0.25,1,5502,345.4114081,26590405.91,,
0.25,2,5575,346.1128336,27341261,,
0.25,2,5527,346.1128336,26841591.83,,
0.25,2,5577,346.1128336,27362180.55,,
0.25,2,5527,346.1128336,26841591.83,,
0.25,2,5577,346.1128336,27362180.55,,
0.25,2,5528,346.1128336,26851954.61,,
0.25,2,5577,346.1128336,27362180.55,,
0.25,2,5527,346.1128336,26841591.83,,
0.25,2,5576,346.1128336,27351719.77,,
0.25,2,5528,346.1128336,26851954.61,,
0.25,2,5577,346.1128336,27362180.55,,
0.25,2,5506,346.1128336,26624435.57,,
0.25,2,5577,346.1128336,27362180.55,,
0.25,2,5528,346.1128336,26851954.61,,
0.25,2,5577,346.1128336,27362180.55,,
0.25,2,5527,346.1128336,26841591.83,,
0.25,2,5576,346.1128336,27351719.77,,
0.25,2,5528,346.1128336,26851954.61,,
0.25,2,5577,346.1128336,27362180.55,,
0.25,2,5526,346.1128336,26831231.06,,
0.25,2,5577,346.1128336,27362180.55,,
0.25,2,5528,346.1128336,26851954.61,,
0.25,3,5518,348.0195058,26728698.31,,
0.25,3,5471,348.0195058,26244929.14,,
0.25,3,5519,348.0195058,26739039.27,,
0.25,3,5470,348.0195058,26234684.18,,
0.25,3,5520,348.0195058,26749382.23,,
0.25,3,5470,348.0195058,26234684.18,,
0.25,3,5520,348.0195058,26749382.23,,
0.25,3,5470,348.0195058,26234684.18,,
0.25,3,5519,348.0195058,26739039.27,,
0.25,3,5469,348.0195058,26224441.22,,
0.25,3,5519,348.0195058,26739039.27,,
0.25,3,5471,348.0195058,26244929.14,,
0.25,3,5519,348.0195058,26739039.27,,
0.25,3,5471,348.0195058,26244929.14,,
0.25,3,5520,348.0195058,26749382.23,,
0.25,3,5470,348.0195058,26234684.18,,
0.25,3,5520,348.0195058,26749382.23,,
0.25,3,5470,348.0195058,26234684.18,,
0.25,3,5519,348.0195058,26739039.27,,
0.25,3,5470,348.0195058,26234684.18,,
0.25,3,5519,348.0195058,26739039.27,,
0.25,3,5450,348.0195058,26030204.96,,
0.25,4,5538,353.2023781,26882126.38,,
0.25,4,5489,353.2023781,26376417.21,,
0.25,4,5537,353.2023781,26871757.78,,
0.25,4,5489,353.2023781,26376417.21,,
0.25,4,5539,353.2023781,26892496.98,,
0.25,4,5489,353.2023781,26376417.21,,
0.25,4,5538,353.2023781,26882126.38,,
0.25,4,5489,353.2023781,26376417.21,,
0.25,4,5538,353.2023781,26882126.38,,
0.25,4,5489,353.2023781,26376417.21,,
0.25,4,5539,353.2023781,26892496.98,,
0.25,4,5489,353.2023781,26376417.21,,
0.25,4,5538,353.2023781,26882126.38,,
0.25,4,5489,353.2023781,26376417.21,,
0.25,4,5538,353.2023781,26882126.38,,
0.25,4,5488,353.2023781,26366146.62,,
0.25,4,5538,353.2023781,26882126.38,,
0.25,4,5489,353.2023781,26376417.21,,
0.25,4,5538,353.2023781,26882126.38,,
0.25,4,5489,353.2023781,26376417.21,,
0.25,4,5538,353.2023781,26882126.38,,
0.25,4,5490,353.2023781,26386689.81,,
0.25,5,5552,367.2908858,26881208.6,,
0.25,5,5502,367.2908858,26365237.69,,
0.25,5,5552,367.2908858,26881208.6,,
0.25,5,5503,367.2908858,26375508.11,,
0.25,5,5552,367.2908858,26881208.6,,
0.25,5,5502,367.2908858,26365237.69,,
0.25,5,5552,367.2908858,26881208.6,,
0.25,5,5503,367.2908858,26375508.11,,
0.25,5,5552,367.2908858,26881208.6,,
0.25,5,5496,367.2908858,26303657.18,,
0.25,5,5552,367.2908858,26881208.6,,
0.25,5,5502,367.2908858,26365237.69,,
0.25,5,5552,367.2908858,26881208.6,,
0.25,5,5503,367.2908858,26375508.11,,
0.25,5,5552,367.2908858,26881208.6,,
0.25,5,5502,367.2908858,26365237.69,,
0.25,5,5553,367.2908858,26891579.02,,
0.25,5,5502,367.2908858,26365237.69,,
0.25,5,5552,367.2908858,26881208.6,,
0.25,5,5503,367.2908858,26375508.11,,
0.25,5,5553,367.2908858,26891579.02,,
0.25,5,5502,367.2908858,26365237.69,,
0.25,6,5613,405.5874201,27117145.78,,
0.25,6,5566,405.5874201,26629857.99,,
0.25,6,5615,405.5874201,27137979.43,,
0.25,6,5565,405.5874201,26619538.17,,
0.25,6,5615,405.5874201,27137979.43,,
0.25,6,5566,405.5874201,26629857.99,,
0.25,6,5615,405.5874201,27137979.43,,
0.25,6,5566,405.5874201,26629857.99,,
0.25,6,5614,405.5874201,27127561.6,,
0.25,6,5565,405.5874201,26619538.17,,
0.25,6,5615,405.5874201,27137979.43,,
0.25,6,5565,405.5874201,26619538.17,,
0.25,6,5615,405.5874201,27137979.43,,
0.25,6,5566,405.5874201,26629857.99,,
0.25,6,5614,405.5874201,27127561.6,,
0.25,6,5565,405.5874201,26619538.17,,
0.25,6,5615,405.5874201,27137979.43,,
0.25,6,5565,405.5874201,26619538.17,,
0.25,6,5616,405.5874201,27148399.25,,
0.25,6,5563,405.5874201,26598904.52,,
0.25,6,5615,405.5874201,27137979.43,,
0.25,6,5567,405.5874201,26640179.82,,
0.25,7,5620,509.6881935,26115286.76,,
0.25,7,5573,509.6881935,25637126.45,,
0.25,7,5622,509.6881935,26135732.01,,
0.25,7,5574,509.6881935,25647254.07,,
0.25,7,5622,509.6881935,26135732.01,,
0.25,7,5572,509.6881935,25627000.83,,
0.25,7,5621,509.6881935,26125508.38,,
0.25,7,5574,509.6881935,25647254.07,,
0.25,7,5621,509.6881935,26125508.38,,
0.25,7,5574,509.6881935,25647254.07,,
0.25,7,5621,509.6881935,26125508.38,,
0.25,7,5573,509.6881935,25637126.45,,
0.25,7,5622,509.6881935,26135732.01,,
0.25,7,5574,509.6881935,25647254.07,,
0.25,7,5622,509.6881935,26135732.01,,
0.25,7,5573,509.6881935,25637126.45,,
0.25,7,5622,509.6881935,26135732.01,,
0.25,7,5574,509.6881935,25647254.07,,
0.25,7,5621,509.6881935,26125508.38,,
0.25,7,5574,509.6881935,25647254.07,,
0.25,7,5620,509.6881935,26115286.76,,
0.25,7,5573,509.6881935,25637126.45,,
0.25,8,5626,792.6634342,23361142.36,,
0.25,8,5582,792.6634342,22937744.74,,
0.25,8,5626,792.6634342,23361142.36,,
0.25,8,5583,792.6634342,22947324.41,,
0.25,8,5627,792.6634342,23370810.03,,
0.25,8,5582,792.6634342,22937744.74,,
0.25,8,5627,792.6634342,23370810.03,,
0.25,8,5582,792.6634342,22937744.74,,
0.25,8,5626,792.6634342,23361142.36,,
0.25,8,5583,792.6634342,22947324.41,,
0.25,8,5626,792.6634342,23361142.36,,
0.25,8,5581,792.6634342,22928167.07,,
0.25,8,5626,792.6634342,23361142.36,,
0.25,8,5581,792.6634342,22928167.07,,
0.25,8,5626,792.6634342,23361142.36,,
0.25,8,5582,792.6634342,22937744.74,,
0.25,8,5626,792.6634342,23361142.36,,
0.25,8,5582,792.6634342,22937744.74,,
0.25,8,5626,792.6634342,23361142.36,,
0.25,8,5583,792.6634342,22947324.41,,
0.25,8,5626,792.6634342,23361142.36,,
0.25,8,5582,792.6634342,22937744.74,,
0.25,9,5631,1561.869889,16557819.86,,
0.25,9,5589,1561.869889,16217776.93,,
0.25,9,5630,1561.869889,16549682.6,,
0.25,9,5590,1561.869889,16225832.19,,
0.25,9,5631,1561.869889,16557819.86,,
0.25,9,5589,1561.869889,16217776.93,,
0.25,9,5632,1561.869889,16565959.12,,
0.25,9,5589,1561.869889,16217776.93,,
0.25,9,5631,1561.869889,16557819.86,,
0.25,9,5590,1561.869889,16225832.19,,
0.25,9,5632,1561.869889,16565959.12,,
0.25,9,5589,1561.869889,16217776.93,,
0.25,9,5631,1561.869889,16557819.86,,
0.25,9,5590,1561.869889,16225832.19,,
0.25,9,5631,1561.869889,16557819.86,,
0.25,9,5589,1561.869889,16217776.93,,
0.25,9,5631,1561.869889,16557819.86,,
0.25,9,5589,1561.869889,16217776.93,,
0.25,9,5632,1561.869889,16565959.12,,
0.25,9,5589,1561.869889,16217776.93,,
0.25,9,5630,1561.869889,16549682.6,,
0.25,9,5590,1561.869889,16225832.19,,
0.25,10,5593,3652.789816,3764415.556,,
0.25,10,5553,3652.789816,3610798.742,,
0.25,10,5593,3652.789816,3764415.556,,
0.25,10,5553,3652.789816,3610798.742,,
0.25,10,5593,3652.789816,3764415.556,,
0.25,10,5553,3652.789816,3610798.742,,
0.25,10,5593,3652.789816,3764415.556,,
0.25,10,5553,3652.789816,3610798.742,,
0.25,10,5593,3652.789816,3764415.556,,
0.25,10,5553,3652.789816,3610798.742,,
0.25,10,5593,3652.789816,3764415.556,,
0.25,10,5553,3652.789816,3610798.742,,
0.25,10,5593,3652.789816,3764415.556,,
0.25,10,5554,3652.789816,3614600.162,,
0.25,10,5593,3652.789816,3764415.556,,
0.25,10,5553,3652.789816,3610798.742,,
0.25,10,5593,3652.789816,3764415.556,,
0.25,10,5554,3652.789816,3614600.162,,
0.25,10,5593,3652.789816,3764415.556,,
0.25,10,5555,3652.789816,3618403.582,,
0.25,10,5594,3652.789816,3768296.977,,
0.25,10,5554,3652.789816,3614600.162,,
0.5,1,2749,172.7178116,6637229.914,,
0.5,1,2727,172.7178116,6524357.498,,
0.5,1,2778,172.7178116,6787495.281,,
0.5,1,2725,172.7178116,6514144.369,,
0.5,1,2777,172.7178116,6782285.717,,
0.5,1,2727,172.7178116,6524357.498,,
0.5,1,2777,172.7178116,6782285.717,,
0.5,1,2727,172.7178116,6524357.498,,
0.5,1,2778,172.7178116,6787495.281,,
0.5,1,2727,172.7178116,6524357.498,,
0.5,1,2777,172.7178116,6782285.717,,
0.5,1,2727,172.7178116,6524357.498,,
0.5,1,2776,172.7178116,6777078.152,,
0.5,1,2727,172.7178116,6524357.498,,
0.5,1,2777,172.7178116,6782285.717,,
0.5,1,2727,172.7178116,6524357.498,,
0.5,1,2776,172.7178116,6777078.152,,
0.5,1,2728,172.7178116,6529467.062,,
0.5,1,2777,172.7178116,6782285.717,,
0.5,1,2727,172.7178116,6524357.498,,
0.5,1,2776,172.7178116,6777078.152,,
0.5,1,2728,172.7178116,6529467.062,,
0.5,2,2789,173.068549,6843097.357,,
0.5,2,2750,173.068549,6640575.703,,
0.5,2,2791,173.068549,6853565.082,,
0.5,2,2749,173.068549,6635422.84,,
0.5,2,2791,173.068549,6853565.082,,
0.5,2,2750,173.068549,6640575.703,,
0.5,2,2792,173.068549,6858801.945,,
0.5,2,2749,173.068549,6635422.84,,
0.5,2,2791,173.068549,6853565.082,,
0.5,2,2751,173.068549,6645730.566,,
0.5,2,2789,173.068549,6843097.357,,
0.5,2,2751,173.068549,6645730.566,,
0.5,2,2790,173.068549,6848330.219,,
0.5,2,2751,173.068549,6645730.566,,
0.5,2,2790,173.068549,6848330.219,,
0.5,2,2751,173.068549,6645730.566,,
0.5,2,2790,173.068549,6848330.219,,
0.5,2,2751,173.068549,6645730.566,,
0.5,2,2790,173.068549,6848330.219,,
0.5,2,2751,173.068549,6645730.566,,
0.5,2,2789,173.068549,6843097.357,,
0.5,2,2750,173.068549,6640575.703,,
0.5,3,2762,174.0219519,6697630.378,,
0.5,3,2729,174.0219519,6527912.826,,
0.5,3,2763,174.0219519,6702807.334,,
0.5,3,2729,174.0219519,6527912.826,,
0.5,3,2764,174.0219519,6707986.29,,
0.5,3,2729,174.0219519,6527912.826,,
0.5,3,2764,174.0219519,6707986.29,,
0.5,3,2729,174.0219519,6527912.826,,
0.5,3,2763,174.0219519,6702807.334,,
0.5,3,2729,174.0219519,6527912.826,,
0.5,3,2763,174.0219519,6702807.334,,
0.5,3,2729,174.0219519,6527912.826,,
0.5,3,2763,174.0219519,6702807.334,,
0.5,3,2729,174.0219519,6527912.826,,
0.5,3,2763,174.0219519,6702807.334,,
0.5,3,2730,174.0219519,6533023.782,,
0.5,3,2762,174.0219519,6697630.378,,
0.5,3,2729,174.0219519,6527912.826,,
0.5,3,2762,174.0219519,6697630.378,,
0.5,3,2729,174.0219519,6527912.826,,
0.5,3,2762,174.0219519,6697630.378,,
0.5,3,2729,174.0219519,6527912.826,,
0.5,4,2773,176.6135697,6741222.495,,
0.5,4,2743,176.6135697,6586339.31,,
0.5,4,2774,176.6135697,6746416.268,,
0.5,4,2743,176.6135697,6586339.31,,
0.5,4,2773,176.6135697,6741222.495,,
0.5,4,2743,176.6135697,6586339.31,,
0.5,4,2773,176.6135697,6741222.495,,
0.5,4,2743,176.6135697,6586339.31,,
0.5,4,2773,176.6135697,6741222.495,,
0.5,4,2744,176.6135697,6591473.082,,
0.5,4,2773,176.6135697,6741222.495,,
0.5,4,2743,176.6135697,6586339.31,,
0.5,4,2773,176.6135697,6741222.495,,
0.5,4,2744,176.6135697,6591473.082,,
0.5,4,2774,176.6135697,6746416.268,,
0.5,4,2743,176.6135697,6586339.31,,
0.5,4,2773,176.6135697,6741222.495,,
0.5,4,2744,176.6135697,6591473.082,,
0.5,4,2773,176.6135697,6741222.495,,
0.5,4,2743,176.6135697,6586339.31,,
0.5,4,2774,176.6135697,6746416.268,,
0.5,4,2744,176.6135697,6591473.082,,
0.5,5,2781,183.6583174,6746183.816,,
0.5,5,2754,183.6583174,6606656.365,,
0.5,5,2781,183.6583174,6746183.816,,
0.5,5,2755,183.6583174,6611798.049,,
0.5,5,2781,183.6583174,6746183.816,,
0.5,5,2755,183.6583174,6611798.049,,
0.5,5,2782,183.6583174,6751379.5,,
0.5,5,2754,183.6583174,6606656.365,,
0.5,5,2781,183.6583174,6746183.816,,
0.5,5,2755,183.6583174,6611798.049,,
0.5,5,2781,183.6583174,6746183.816,,
0.5,5,2755,183.6583174,6611798.049,,
0.5,5,2781,183.6583174,6746183.816,,
0.5,5,2755,183.6583174,6611798.049,,
0.5,5,2781,183.6583174,6746183.816,,
0.5,5,2754,183.6583174,6606656.365,,
0.5,5,2781,183.6583174,6746183.816,,
0.5,5,2755,183.6583174,6611798.049,,
0.5,5,2781,183.6583174,6746183.816,,
0.5,5,2755,183.6583174,6611798.049,,
0.5,5,2781,183.6583174,6746183.816,,
0.5,5,2753,183.6583174,6601516.682,,
0.5,6,2812,202.8079269,6807883.274,,
0.5,6,2789,202.8079269,6688389.439,,
0.5,6,2814,202.8079269,6818324.042,,
0.5,6,2790,202.8079269,6693562.823,,
0.5,6,2813,202.8079269,6813102.658,,
0.5,6,2790,202.8079269,6693562.823,,
0.5,6,2814,202.8079269,6818324.042,,
0.5,6,2790,202.8079269,6693562.823,,
0.5,6,2814,202.8079269,6818324.042,,
0.5,6,2788,202.8079269,6683218.055,,
0.5,6,2814,202.8079269,6818324.042,,
0.5,6,2789,202.8079269,6688389.439,,
0.5,6,2814,202.8079269,6818324.042,,
0.5,6,2788,202.8079269,6683218.055,,
0.5,6,2814,202.8079269,6818324.042,,
0.5,6,2789,202.8079269,6688389.439,,
0.5,6,2814,202.8079269,6818324.042,,
0.5,6,2790,202.8079269,6693562.823,,
0.5,6,2814,202.8079269,6818324.042,,
0.5,6,2789,202.8079269,6688389.439,,
0.5,6,2815,202.8079269,6823547.427,,
0.5,6,2789,202.8079269,6688389.439,,
0.5,7,2817,254.8619626,6564551.323,,
0.5,7,2795,254.8619626,6452301.249,,
0.5,7,2818,254.8619626,6569676.599,,
0.5,7,2795,254.8619626,6452301.249,,
0.5,7,2818,254.8619626,6569676.599,,
0.5,7,2794,254.8619626,6447221.973,,
0.5,7,2818,254.8619626,6569676.599,,
0.5,7,2794,254.8619626,6447221.973,,
0.5,7,2818,254.8619626,6569676.599,,
0.5,7,2795,254.8619626,6452301.249,,
0.5,7,2818,254.8619626,6569676.599,,
0.5,7,2795,254.8619626,6452301.249,,
0.5,7,2818,254.8619626,6569676.599,,
0.5,7,2795,254.8619626,6452301.249,,
0.5,7,2818,254.8619626,6569676.599,,
0.5,7,2794,254.8619626,6447221.973,,
0.5,7,2817,254.8619626,6564551.323,,
0.5,7,2795,254.8619626,6452301.249,,
0.5,7,2818,254.8619626,6569676.599,,
0.5,7,2795,254.8619626,6452301.249,,
0.5,7,2818,254.8619626,6569676.599,,
0.5,7,2795,254.8619626,6452301.249,,
0.5,8,2821,396.359502,5878881.545,,
0.5,8,2801,396.359502,5782295.925,,
0.5,8,2821,396.359502,5878881.545,,
0.5,8,2801,396.359502,5782295.925,,
0.5,8,2821,396.359502,5878881.545,,
0.5,8,2801,396.359502,5782295.925,,
0.5,8,2821,396.359502,5878881.545,,
0.5,8,2801,396.359502,5782295.925,,
0.5,8,2821,396.359502,5878881.545,,
0.5,8,2800,396.359502,5777487.644,,
0.5,8,2821,396.359502,5878881.545,,
0.5,8,2801,396.359502,5782295.925,,
0.5,8,2822,396.359502,5883731.826,,
0.5,8,2800,396.359502,5777487.644,,
0.5,8,2821,396.359502,5878881.545,,
0.5,8,2800,396.359502,5777487.644,,
0.5,8,2822,396.359502,5883731.826,,
0.5,8,2801,396.359502,5782295.925,,
0.5,8,2821,396.359502,5878881.545,,
0.5,8,2800,396.359502,5777487.644,,
0.5,8,2821,396.359502,5878881.545,,
0.5,8,2801,396.359502,5782295.925,,
0.5,9,2824,780.9896919,4173891.119,,
0.5,9,2806,780.9896919,4100666.748,,
0.5,9,2825,780.9896919,4177978.14,,
0.5,9,2805,780.9896919,4096617.727,,
0.5,9,2824,780.9896919,4173891.119,,
0.5,9,2805,780.9896919,4096617.727,,
0.5,9,2825,780.9896919,4177978.14,,
0.5,9,2805,780.9896919,4096617.727,,
0.5,9,2825,780.9896919,4177978.14,,
0.5,9,2805,780.9896919,4096617.727,,
0.5,9,2824,780.9896919,4173891.119,,
0.5,9,2806,780.9896919,4100666.748,,
0.5,9,2825,780.9896919,4177978.14,,
0.5,9,2805,780.9896919,4096617.727,,
0.5,9,2824,780.9896919,4173891.119,,
0.5,9,2805,780.9896919,4096617.727,,
0.5,9,2825,780.9896919,4177978.14,,
0.5,9,2805,780.9896919,4096617.727,,
0.5,9,2825,780.9896919,4177978.14,,
0.5,9,2805,780.9896919,4096617.727,,
0.5,9,2825,780.9896919,4177978.14,,
0.5,9,2805,780.9896919,4096617.727,,
0.5,10,2806,1826.522948,959375.2955,,
0.5,10,2789,1826.522948,926362.0758,,
0.5,10,2806,1826.522948,959375.2955,,
0.5,10,2788,1826.522948,924438.1217,,
0.5,10,2807,1826.522948,961335.2496,,
0.5,10,2788,1826.522948,924438.1217,,
0.5,10,2806,1826.522948,959375.2955,,
0.5,10,2788,1826.522948,924438.1217,,
0.5,10,2807,1826.522948,961335.2496,,
0.5,10,2788,1826.522948,924438.1217,,
0.5,10,2807,1826.522948,961335.2496,,
0.5,10,2787,1826.522948,922516.1676,,
0.5,10,2807,1826.522948,961335.2496,,
0.5,10,2789,1826.522948,926362.0758,,
0.5,10,2807,1826.522948,961335.2496,,
0.5,10,2788,1826.522948,924438.1217,,
0.5,10,2807,1826.522948,961335.2496,,
0.5,10,2789,1826.522948,926362.0758,,
0.5,10,2806,1826.522948,959375.2955,,
0.5,10,2788,1826.522948,924438.1217,,
0.5,10,2807,1826.522948,961335.2496,,
0.5,10,2788,1826.522948,924438.1217,,
1,1,1365,86.36193302,1634915.306,,
1,1,1364,86.36193302,1632359.03,,
1,1,1390,86.36193302,1699472.21,,
1,1,1365,86.36193302,1634915.306,,
1,1,1390,86.36193302,1699472.21,,
1,1,1365,86.36193302,1634915.306,,
1,1,1365,86.36193302,1634915.306,,
1,1,1365,86.36193302,1634915.306,,
1,1,1388,86.36193302,1694261.657,,
1,1,1366,86.36193302,1637473.582,,
1,1,1389,86.36193302,1696865.934,,
1,1,1365,86.36193302,1634915.306,,
1,1,1388,86.36193302,1694261.657,,
1,1,1365,86.36193302,1634915.306,,
1,1,1389,86.36193302,1696865.934,,
1,1,1365,86.36193302,1634915.306,,
1,1,1390,86.36193302,1699472.21,,
1,1,1365,86.36193302,1634915.306,,
1,1,1388,86.36193302,1694261.657,,
1,1,1365,86.36193302,1634915.306,,
1,1,1389,86.36193302,1696865.934,,
1,1,1364,86.36193302,1632359.03,,
1,2,1395,86.53730783,1712074.617,,
1,2,1379,86.53730783,1670459.811,,
1,2,1397,86.53730783,1717312.468,,
1,2,1379,86.53730783,1670459.811,,
1,2,1398,86.53730783,1719934.393,,
1,2,1378,86.53730783,1667875.885,,
1,2,1398,86.53730783,1719934.393,,
1,2,1379,86.53730783,1670459.811,,
1,2,1397,86.53730783,1717312.468,,
1,2,1378,86.53730783,1667875.885,,
1,2,1398,86.53730783,1719934.393,,
1,2,1378,86.53730783,1667875.885,,
1,2,1398,86.53730783,1719934.393,,
1,2,1378,86.53730783,1667875.885,,
1,2,1398,86.53730783,1719934.393,,
1,2,1379,86.53730783,1670459.811,,
1,2,1386,86.53730783,1688603.288,,
1,2,1378,86.53730783,1667875.885,,
1,2,1397,86.53730783,1717312.468,,
1,2,1378,86.53730783,1667875.885,,
1,2,1397,86.53730783,1717312.468,,
1,2,1379,86.53730783,1670459.811,,
1,3,1383,87.014026,1679579.645,,
1,3,1368,87.014026,1640925.066,,
1,3,1385,87.014026,1684767.589,,
1,3,1369,87.014026,1643488.038,,
1,3,1385,87.014026,1684767.589,,
1,3,1369,87.014026,1643488.038,,
1,3,1385,87.014026,1684767.589,,
1,3,1368,87.014026,1640925.066,,
1,3,1384,87.014026,1682172.617,,
1,3,1368,87.014026,1640925.066,,
1,3,1385,87.014026,1684767.589,,
1,3,1368,87.014026,1640925.066,,
1,3,1385,87.014026,1684767.589,,
1,3,1368,87.014026,1640925.066,,
1,3,1384,87.014026,1682172.617,,
1,3,1368,87.014026,1640925.066,,
1,3,1384,87.014026,1682172.617,,
1,3,1369,87.014026,1643488.038,,
1,3,1384,87.014026,1682172.617,,
1,3,1369,87.014026,1643488.038,,
1,3,1385,87.014026,1684767.589,,
1,3,1368,87.014026,1640925.066,,
1,4,1390,88.30988034,1694397.168,,
1,4,1376,88.30988034,1658145.844,,
1,4,1391,88.30988034,1697001.548,,
1,4,1377,88.30988034,1660722.224,,
1,4,1376,88.30988034,1658145.844,,
1,4,1377,88.30988034,1660722.224,,
1,4,1391,88.30988034,1697001.548,,
1,4,1376,88.30988034,1658145.844,,
1,4,1391,88.30988034,1697001.548,,
1,4,1377,88.30988034,1660722.224,,
1,4,1391,88.30988034,1697001.548,,
1,4,1377,88.30988034,1660722.224,,
1,4,1391,88.30988034,1697001.548,,
1,4,1376,88.30988034,1658145.844,,
1,4,1391,88.30988034,1697001.548,,
1,4,1377,88.30988034,1660722.224,,
1,4,1391,88.30988034,1697001.548,,
1,4,1378,88.30988034,1663300.605,,
1,4,1390,88.30988034,1694397.168,,
1,4,1377,88.30988034,1660722.224,,
1,4,1390,88.30988034,1694397.168,,
1,4,1378,88.30988034,1663300.605,,
1,5,1394,91.83237765,1695640.517,,
1,5,1383,91.83237765,1667113.829,,
1,5,1396,91.83237765,1700853.187,,
1,5,1384,91.83237765,1669697.164,,
1,5,1395,91.83237765,1698245.852,,
1,5,1384,91.83237765,1669697.164,,
1,5,1396,91.83237765,1700853.187,,
1,5,1383,91.83237765,1667113.829,,
1,5,1395,91.83237765,1698245.852,,
1,5,1384,91.83237765,1669697.164,,
1,5,1395,91.83237765,1698245.852,,
1,5,1383,91.83237765,1667113.829,,
1,5,1396,91.83237765,1700853.187,,
1,5,1384,91.83237765,1669697.164,,
1,5,1383,91.83237765,1667113.829,,
1,5,1384,91.83237765,1669697.164,,
1,5,1395,91.83237765,1698245.852,,
1,5,1383,91.83237765,1667113.829,,
1,5,1396,91.83237765,1700853.187,,
1,5,1384,91.83237765,1669697.164,,
1,5,1395,91.83237765,1698245.852,,
1,5,1383,91.83237765,1667113.829,,
1,6,1413,101.4075181,1720274.839,,
1,6,1402,101.4075181,1691540.804,,
1,6,1413,101.4075181,1720274.839,,
1,6,1402,101.4075181,1691540.804,,
1,6,1414,101.4075181,1722899.024,,
1,6,1403,101.4075181,1694142.989,,
1,6,1413,101.4075181,1720274.839,,
1,6,1402,101.4075181,1691540.804,,
1,6,1413,101.4075181,1720274.839,,
1,6,1403,101.4075181,1694142.989,,
1,6,1413,101.4075181,1720274.839,,
1,6,1402,101.4075181,1691540.804,,
1,6,1413,101.4075181,1720274.839,,
1,6,1401,101.4075181,1688940.619,,
1,6,1413,101.4075181,1720274.839,,
1,6,1402,101.4075181,1691540.804,,
1,6,1413,101.4075181,1720274.839,,
1,6,1402,101.4075181,1691540.804,,
1,6,1413,101.4075181,1720274.839,,
1,6,1402,101.4075181,1691540.804,,
1,6,1413,101.4075181,1720274.839,,
1,6,1402,101.4075181,1691540.804,,
1,7,1416,127.4354483,1660398.604,,
1,7,1406,127.4354483,1634727.313,,
1,7,1406,127.4354483,1634727.313,,
1,7,1406,127.4354483,1634727.313,,
1,7,1415,127.4354483,1657822.475,,
1,7,1407,127.4354483,1637285.442,,
1,7,1416,127.4354483,1660398.604,,
1,7,1406,127.4354483,1634727.313,,
1,7,1416,127.4354483,1660398.604,,
1,7,1406,127.4354483,1634727.313,,
1,7,1416,127.4354483,1660398.604,,
1,7,1406,127.4354483,1634727.313,,
1,7,1417,127.4354483,1662976.733,,
1,7,1406,127.4354483,1634727.313,,
1,7,1416,127.4354483,1660398.604,,
1,7,1406,127.4354483,1634727.313,,
1,7,1415,127.4354483,1657822.475,,
1,7,1406,127.4354483,1634727.313,,
1,7,1417,127.4354483,1662976.733,,
1,7,1406,127.4354483,1634727.313,,
1,7,1416,127.4354483,1660398.604,,
1,7,1406,127.4354483,1634727.313,,
1,8,1431,198.1866979,1519828.638,,
1,8,1420,198.1866979,1492827.745,,
1,8,1430,198.1866979,1517364.011,,
1,8,1420,198.1866979,1492827.745,,
1,8,1431,198.1866979,1519828.638,,
1,8,1420,198.1866979,1492827.745,,
1,8,1431,198.1866979,1519828.638,,
1,8,1420,198.1866979,1492827.745,,
1,8,1431,198.1866979,1519828.638,,
1,8,1420,198.1866979,1492827.745,,
1,8,1430,198.1866979,1517364.011,,
1,8,1420,198.1866979,1492827.745,,
1,8,1421,198.1866979,1495272.372,,
1,8,1420,198.1866979,1492827.745,,
1,8,1429,198.1866979,1514901.385,,
1,8,1421,198.1866979,1495272.372,,
1,8,1430,198.1866979,1517364.011,,
1,8,1421,198.1866979,1495272.372,,
1,8,1430,198.1866979,1517364.011,,
1,8,1421,198.1866979,1495272.372,,
1,8,1430,198.1866979,1517364.011,,
1,8,1419,198.1866979,1490385.118,,
1,9,1461,390.5085343,1145951.978,,
1,9,1451,390.5085343,1124642.149,,
1,9,1461,390.5085343,1145951.978,,
1,9,1451,390.5085343,1124642.149,,
1,9,1461,390.5085343,1145951.978,,
1,9,1451,390.5085343,1124642.149,,
1,9,1462,390.5085343,1148093.961,,
1,9,1451,390.5085343,1124642.149,,
1,9,1461,390.5085343,1145951.978,,
1,9,1450,390.5085343,1122522.166,,
1,9,1462,390.5085343,1148093.961,,
1,9,1451,390.5085343,1124642.149,,
1,9,1461,390.5085343,1145951.978,,
1,9,1450,390.5085343,1122522.166,,
1,9,1462,390.5085343,1148093.961,,
1,9,1451,390.5085343,1124642.149,,
1,9,1461,390.5085343,1145951.978,,
1,9,1451,390.5085343,1124642.149,,
1,9,1463,390.5085343,1150237.944,,
1,9,1451,390.5085343,1124642.149,,
1,9,1461,390.5085343,1145951.978,,
1,9,1451,390.5085343,1124642.149,,
1,10,1485,913.2934873,326848.3367,,
1,10,1483,913.2934873,324565.5107,,
1,10,1493,913.2934873,336059.6409,,
1,10,1483,913.2934873,324565.5107,,
1,10,1493,913.2934873,336059.6409,,
1,10,1483,913.2934873,324565.5107,,
1,10,1494,913.2934873,337220.0539,,
1,10,1482,913.2934873,323427.0976,,
1,10,1494,913.2934873,337220.0539,,
1,10,1482,913.2934873,323427.0976,,
1,10,1493,913.2934873,336059.6409,,
1,10,1483,913.2934873,324565.5107,,
1,10,1494,913.2934873,337220.0539,,
1,10,1482,913.2934873,323427.0976,,
1,10,1494,913.2934873,337220.0539,,
1,10,1482,913.2934873,323427.0976,,
1,10,1493,913.2934873,336059.6409,,
1,10,1482,913.2934873,323427.0976,,
1,10,1493,913.2934873,336059.6409,,
1,10,1483,913.2934873,324565.5107,,
1,10,1493,913.2934873,336059.6409,,
1,10,1482,913.2934873,323427.0976,,
1.5,1,911,57.57529476,728333.7275,,
1.5,1,911,57.57529476,728333.7275,,
1.5,1,927,57.57529476,755899.3181,,
1.5,1,912,57.57529476,730041.5769,,
1.5,1,927,57.57529476,755899.3181,,
1.5,1,911,57.57529476,728333.7275,,
1.5,1,927,57.57529476,755899.3181,,
1.5,1,911,57.57529476,728333.7275,,
1.5,1,927,57.57529476,755899.3181,,
1.5,1,911,57.57529476,728333.7275,,
1.5,1,927,57.57529476,755899.3181,,
1.5,1,911,57.57529476,728333.7275,,
1.5,1,927,57.57529476,755899.3181,,
1.5,1,912,57.57529476,730041.5769,,
1.5,1,926,57.57529476,754161.4687,,
1.5,1,911,57.57529476,728333.7275,,
1.5,1,927,57.57529476,755899.3181,,
1.5,1,911,57.57529476,728333.7275,,
1.5,1,927,57.57529476,755899.3181,,
1.5,1,912,57.57529476,730041.5769,,
1.5,1,927,57.57529476,755899.3181,,
1.5,1,911,57.57529476,728333.7275,,
1.5,2,932,57.69221267,764414.107,,
1.5,2,921,57.69221267,745300.3357,,
1.5,2,933,57.69221267,766163.7226,,
1.5,2,920,57.69221267,743574.7201,,
1.5,2,933,57.69221267,766163.7226,,
1.5,2,921,57.69221267,745300.3357,,
1.5,2,933,57.69221267,766163.7226,,
1.5,2,921,57.69221267,745300.3357,,
1.5,2,933,57.69221267,766163.7226,,
1.5,2,920,57.69221267,743574.7201,,
1.5,2,933,57.69221267,766163.7226,,
1.5,2,921,57.69221267,745300.3357,,
1.5,2,933,57.69221267,766163.7226,,
1.5,2,921,57.69221267,745300.3357,,
1.5,2,933,57.69221267,766163.7226,,
1.5,2,920,57.69221267,743574.7201,,
1.5,2,933,57.69221267,766163.7226,,
1.5,2,920,57.69221267,743574.7201,,
1.5,2,933,57.69221267,766163.7226,,
1.5,2,921,57.69221267,745300.3357,,
1.5,2,933,57.69221267,766163.7226,,
1.5,2,920,57.69221267,743574.7201,,
1.5,3,925,58.01002849,751671.6107,,
1.5,3,916,58.01002849,736146.7912,,
1.5,3,926,58.01002849,753406.5906,,
1.5,3,915,58.01002849,734431.8113,,
1.5,3,925,58.01002849,751671.6107,,
1.5,3,916,58.01002849,736146.7912,,
1.5,3,924,58.01002849,749938.6307,,
1.5,3,916,58.01002849,736146.7912,,
1.5,3,925,58.01002849,751671.6107,,
1.5,3,915,58.01002849,734431.8113,,
1.5,3,926,58.01002849,753406.5906,,
1.5,3,916,58.01002849,736146.7912,,
1.5,3,925,58.01002849,751671.6107,,
1.5,3,914,58.01002849,732718.8313,,
1.5,3,926,58.01002849,753406.5906,,
1.5,3,914,58.01002849,732718.8313,,
1.5,3,926,58.01002849,753406.5906,,
1.5,3,915,58.01002849,734431.8113,,
1.5,3,925,58.01002849,751671.6107,,
1.5,3,915,58.01002849,734431.8113,,
1.5,3,925,58.01002849,751671.6107,,
1.5,3,916,58.01002849,736146.7912,,
1.5,4,929,58.87394148,757119.3577,,
1.5,4,921,58.87394148,743261.3408,,
1.5,4,930,58.87394148,758860.6098,,
1.5,4,922,58.87394148,744986.5929,,
1.5,4,930,58.87394148,758860.6098,,
1.5,4,921,58.87394148,743261.3408,,
1.5,4,929,58.87394148,757119.3577,,
1.5,4,922,58.87394148,744986.5929,,
1.5,4,930,58.87394148,758860.6098,,
1.5,4,922,58.87394148,744986.5929,,
1.5,4,931,58.87394148,760603.8619,,
1.5,4,922,58.87394148,744986.5929,,
1.5,4,930,58.87394148,758860.6098,,
1.5,4,921,58.87394148,743261.3408,,
1.5,4,930,58.87394148,758860.6098,,
1.5,4,922,58.87394148,744986.5929,,
1.5,4,930,58.87394148,758860.6098,,
1.5,4,922,58.87394148,744986.5929,,
1.5,4,929,58.87394148,757119.3577,,
1.5,4,921,58.87394148,743261.3408,,
1.5,4,930,58.87394148,758860.6098,,
1.5,4,922,58.87394148,744986.5929,,
1.5,5,940,61.22230046,772250.2452,,
1.5,5,932,61.22230046,758253.802,,
1.5,5,940,61.22230046,772250.2452,,
1.5,5,932,61.22230046,758253.802,,
1.5,5,940,61.22230046,772250.2452,,
1.5,5,932,61.22230046,758253.802,,
1.5,5,940,61.22230046,772250.2452,,
1.5,5,932,61.22230046,758253.802,,
1.5,5,940,61.22230046,772250.2452,,
1.5,5,931,61.22230046,756513.2466,,
1.5,5,940,61.22230046,772250.2452,,
1.5,5,931,61.22230046,756513.2466,,
1.5,5,940,61.22230046,772250.2452,,
1.5,5,932,61.22230046,758253.802,,
1.5,5,939,61.22230046,770493.6898,,
1.5,5,932,61.22230046,758253.802,,
1.5,5,940,61.22230046,772250.2452,,
1.5,5,932,61.22230046,758253.802,,
1.5,5,940,61.22230046,772250.2452,,
1.5,5,932,61.22230046,758253.802,,
1.5,5,940,61.22230046,772250.2452,,
1.5,5,932,61.22230046,758253.802,,
1.5,6,981,67.60580199,834288.961,,
1.5,6,974,67.60580199,821550.4422,,
1.5,6,982,67.60580199,836116.7494,,
1.5,6,973,67.60580199,819738.6538,,
1.5,6,981,67.60580199,834288.961,,
1.5,6,974,67.60580199,821550.4422,,
1.5,6,982,67.60580199,836116.7494,,
1.5,6,973,67.60580199,819738.6538,,
1.5,6,981,67.60580199,834288.961,,
1.5,6,974,67.60580199,821550.4422,,
1.5,6,982,67.60580199,836116.7494,,
1.5,6,973,67.60580199,819738.6538,,
1.5,6,982,67.60580199,836116.7494,,
1.5,6,973,67.60580199,819738.6538,,
1.5,6,981,67.60580199,834288.961,,
1.5,6,973,67.60580199,819738.6538,,
1.5,6,982,67.60580199,836116.7494,,
1.5,6,972,67.60580199,817928.8654,,
1.5,6,981,67.60580199,834288.961,,
1.5,6,973,67.60580199,819738.6538,,
1.5,6,982,67.60580199,836116.7494,,
1.5,6,973,67.60580199,819738.6538,,
1.5,7,1029,84.95795821,891215.3767,,
1.5,7,1022,84.95795821,878047.7881,,
1.5,7,1030,84.95795821,893104.4608,,
1.5,7,1021,84.95795821,876174.704,,
1.5,7,1029,84.95795821,891215.3767,,
1.5,7,1021,84.95795821,876174.704,,
1.5,7,1031,84.95795821,894995.5448,,
1.5,7,1021,84.95795821,876174.704,,
1.5,7,1029,84.95795821,891215.3767,,
1.5,7,1022,84.95795821,878047.7881,,
1.5,7,1030,84.95795821,893104.4608,,
1.5,7,1021,84.95795821,876174.704,,
1.5,7,1030,84.95795821,893104.4608,,
1.5,7,1021,84.95795821,876174.704,,
1.5,7,1029,84.95795821,891215.3767,,
1.5,7,1021,84.95795821,876174.704,,
1.5,7,1029,84.95795821,891215.3767,,
1.5,7,1021,84.95795821,876174.704,,
1.5,7,1030,84.95795821,893104.4608,,
1.5,7,1021,84.95795821,876174.704,,
1.5,7,1030,84.95795821,893104.4608,,
1.5,7,1021,84.95795821,876174.704,,
1.5,8,1088,132.1260091,913695.0864,,
1.5,8,1079,132.1260091,896570.3546,,
1.5,8,1088,132.1260091,913695.0864,,
1.5,8,1079,132.1260091,896570.3546,,
1.5,8,1088,132.1260091,913695.0864,,
1.5,8,1079,132.1260091,896570.3546,,
1.5,8,1089,132.1260091,915607.8344,,
1.5,8,1079,132.1260091,896570.3546,,
1.5,8,1088,132.1260091,913695.0864,,
1.5,8,1079,132.1260091,896570.3546,,
1.5,8,1088,132.1260091,913695.0864,,
1.5,8,1080,132.1260091,898465.1026,,
1.5,8,1089,132.1260091,915607.8344,,
1.5,8,1079,132.1260091,896570.3546,,
1.5,8,1088,132.1260091,913695.0864,,
1.5,8,1079,132.1260091,896570.3546,,
1.5,8,1089,132.1260091,915607.8344,,
1.5,8,1079,132.1260091,896570.3546,,
1.5,8,1089,132.1260091,915607.8344,,
1.5,8,1079,132.1260091,896570.3546,,
1.5,8,1087,132.1260091,911784.3384,,
1.5,8,1081,132.1260091,900361.8505,,
1.5,9,1154,260.3420649,798624.5051,,
1.5,9,1146,260.3420649,784389.9781,,
1.5,9,1155,260.3420649,800412.8209,,
1.5,9,1146,260.3420649,784389.9781,,
1.5,9,1155,260.3420649,800412.8209,,
1.5,9,1146,260.3420649,784389.9781,,
1.5,9,1154,260.3420649,798624.5051,,
1.5,9,1145,260.3420649,782619.6622,,
1.5,9,1156,260.3420649,802203.1368,,
1.5,9,1146,260.3420649,784389.9781,,
1.5,9,1154,260.3420649,798624.5051,,
1.5,9,1146,260.3420649,784389.9781,,
1.5,9,1155,260.3420649,800412.8209,,
1.5,9,1146,260.3420649,784389.9781,,
1.5,9,1154,260.3420649,798624.5051,,
1.5,9,1146,260.3420649,784389.9781,,
1.5,9,1155,260.3420649,800412.8209,,
1.5,9,1146,260.3420649,784389.9781,,
1.5,9,1154,260.3420649,798624.5051,,
1.5,9,1146,260.3420649,784389.9781,,
1.5,9,1154,260.3420649,798624.5051,,
1.5,9,1146,260.3420649,784389.9781,,
1.5,10,1218,608.8694392,371040.0401,,
1.5,10,1210,608.8694392,361357.9511,,
1.5,10,1218,608.8694392,371040.0401,,
1.5,10,1210,608.8694392,361357.9511,,
1.5,10,1219,608.8694392,372259.3012,,
1.5,10,1210,608.8694392,361357.9511,,
1.5,10,1219,608.8694392,372259.3012,,
1.5,10,1210,608.8694392,361357.9511,,
1.5,10,1220,608.8694392,373480.5623,,
1.5,10,1210,608.8694392,361357.9511,,
1.5,10,1216,608.8694392,368607.5178,,
1.5,10,1211,608.8694392,362561.2122,,
1.5,10,1218,608.8694392,371040.0401,,
1.5,10,1211,608.8694392,362561.2122,,
1.5,10,1219,608.8694392,372259.3012,,
1.5,10,1210,608.8694392,361357.9511,,
1.5,10,1219,608.8694392,372259.3012,,
1.5,10,1210,608.8694392,361357.9511,,
1.5,10,1220,608.8694392,373480.5623,,
1.5,10,1210,608.8694392,361357.9511,,
1.5,10,1219,608.8694392,372259.3012,,
1.5,10,1211,608.8694392,362561.2122,,
2,1,685,43.18172335,411930.7002,,
2,1,685,43.18172335,411930.7002,,
2,1,695,43.18172335,424867.0658,,
2,1,685,43.18172335,411930.7002,,
2,1,695,43.18172335,424867.0658,,
2,1,684,43.18172335,410648.0637,,
2,1,695,43.18172335,424867.0658,,
2,1,685,43.18172335,411930.7002,,
2,1,697,43.18172335,427478.3389,,
2,1,685,43.18172335,411930.7002,,
2,1,695,43.18172335,424867.0658,,
2,1,684,43.18172335,410648.0637,,
2,1,696,43.18172335,426171.7023,,
2,1,685,43.18172335,411930.7002,,
2,1,696,43.18172335,426171.7023,,
2,1,684,43.18172335,410648.0637,,
2,1,695,43.18172335,424867.0658,,
2,1,685,43.18172335,411930.7002,,
2,1,697,43.18172335,427478.3389,,
2,1,684,43.18172335,410648.0637,,
2,1,695,43.18172335,424867.0658,,
2,1,684,43.18172335,410648.0637,,
2,2,700,43.2694123,431295.0648,,
2,2,693,43.2694123,422149.8366,,
2,2,700,43.2694123,431295.0648,,
2,2,692,43.2694123,420851.3754,,
2,2,702,43.2694123,433925.9872,,
2,2,692,43.2694123,420851.3754,,
2,2,701,43.2694123,432609.526,,
2,2,692,43.2694123,420851.3754,,
2,2,701,43.2694123,432609.526,,
2,2,692,43.2694123,420851.3754,,
2,2,701,43.2694123,432609.526,,
2,2,692,43.2694123,420851.3754,,
2,2,700,43.2694123,431295.0648,,
2,2,692,43.2694123,420851.3754,,
2,2,701,43.2694123,432609.526,,
2,2,693,43.2694123,422149.8366,,
2,2,700,43.2694123,431295.0648,,
2,2,693,43.2694123,422149.8366,,
2,2,700,43.2694123,431295.0648,,
2,2,692,43.2694123,420851.3754,,
2,2,702,43.2694123,433925.9872,,
2,2,693,43.2694123,422149.8366,,
2,3,695,43.50777556,424442.1185,,
2,3,689,43.50777556,416660.2118,,
2,3,695,43.50777556,424442.1185,,
2,3,689,43.50777556,416660.2118,,
2,3,695,43.50777556,424442.1185,,
2,3,688,43.50777556,415370.2274,,
2,3,696,43.50777556,425746.103,,
2,3,688,43.50777556,415370.2274,,
2,3,695,43.50777556,424442.1185,,
2,3,688,43.50777556,415370.2274,,
2,3,695,43.50777556,424442.1185,,
2,3,688,43.50777556,415370.2274,,
2,3,696,43.50777556,425746.103,,
2,3,688,43.50777556,415370.2274,,
2,3,695,43.50777556,424442.1185,,
2,3,688,43.50777556,415370.2274,,
2,3,695,43.50777556,424442.1185,,
2,3,688,43.50777556,415370.2274,,
2,3,695,43.50777556,424442.1185,,
2,3,689,43.50777556,416660.2118,,
2,3,695,43.50777556,424442.1185,,
2,3,689,43.50777556,416660.2118,,
2,4,714,44.15571409,448691.3674,,
2,4,708,44.15571409,440689.2359,,
2,4,715,44.15571409,450032.0559,,
2,4,708,44.15571409,440689.2359,,
2,4,715,44.15571409,450032.0559,,
2,4,708,44.15571409,440689.2359,,
2,4,714,44.15571409,448691.3674,,
2,4,707,44.15571409,439362.5474,,
2,4,715,44.15571409,450032.0559,,
2,4,708,44.15571409,440689.2359,,
2,4,715,44.15571409,450032.0559,,
2,4,707,44.15571409,439362.5474,,
2,4,715,44.15571409,450032.0559,,
2,4,708,44.15571409,440689.2359,,
2,4,715,44.15571409,450032.0559,,
2,4,708,44.15571409,440689.2359,,
2,4,714,44.15571409,448691.3674,,
2,4,708,44.15571409,440689.2359,,
2,4,715,44.15571409,450032.0559,,
2,4,709,44.15571409,442017.9245,,
2,4,714,44.15571409,448691.3674,,
2,4,708,44.15571409,440689.2359,,
2,5,760,45.91699361,509914.54,,
2,5,753,45.91699361,499966.3779,,
2,5,761,45.91699361,511343.706,,
2,5,754,45.91699361,501381.5439,,
2,5,761,45.91699361,511343.706,,
2,5,754,45.91699361,501381.5439,,
2,5,761,45.91699361,511343.706,,
2,5,753,45.91699361,499966.3779,,
2,5,760,45.91699361,509914.54,,
2,5,753,45.91699361,499966.3779,,
2,5,761,45.91699361,511343.706,,
2,5,754,45.91699361,501381.5439,,
2,5,761,45.91699361,511343.706,,
2,5,754,45.91699361,501381.5439,,
2,5,761,45.91699361,511343.706,,
2,5,753,45.91699361,499966.3779,,
2,5,760,45.91699361,509914.54,,
2,5,754,45.91699361,501381.5439,,
2,5,761,45.91699361,511343.706,,
2,5,754,45.91699361,501381.5439,,
2,5,761,45.91699361,511343.706,,
2,5,754,45.91699361,501381.5439,,
2,6,825,50.70464773,599533.2926,,
2,6,819,50.70464773,590277.7483,,
2,6,827,50.70464773,602634.474,,
2,6,819,50.70464773,590277.7483,,
2,6,827,50.70464773,602634.474,,
2,6,819,50.70464773,590277.7483,,
2,6,826,50.70464773,601082.8833,,
2,6,819,50.70464773,590277.7483,,
2,6,826,50.70464773,601082.8833,,
2,6,820,50.70464773,591815.339,,
2,6,826,50.70464773,601082.8833,,
2,6,819,50.70464773,590277.7483,,
2,6,826,50.70464773,601082.8833,,
2,6,819,50.70464773,590277.7483,,
2,6,827,50.70464773,602634.474,,
2,6,819,50.70464773,590277.7483,,
2,6,827,50.70464773,602634.474,,
2,6,819,50.70464773,590277.7483,,
2,6,826,50.70464773,601082.8833,,
2,6,819,50.70464773,590277.7483,,
2,6,826,50.70464773,601082.8833,,
2,6,820,50.70464773,591815.339,,
2,7,895,63.71884092,691028.3654,,
2,7,888,63.71884092,679439.4292,,
2,7,895,63.71884092,691028.3654,,
2,7,888,63.71884092,679439.4292,,
2,7,895,63.71884092,691028.3654,,
2,7,888,63.71884092,679439.4292,,
2,7,895,63.71884092,691028.3654,,
2,7,888,63.71884092,679439.4292,,
2,7,895,63.71884092,691028.3654,,
2,7,888,63.71884092,679439.4292,,
2,7,895,63.71884092,691028.3654,,
2,7,888,63.71884092,679439.4292,,
2,7,895,63.71884092,691028.3654,,
2,7,888,63.71884092,679439.4292,,
2,7,894,63.71884092,689366.8031,,
2,7,888,63.71884092,679439.4292,,
2,7,895,63.71884092,691028.3654,,
2,7,888,63.71884092,679439.4292,,
2,7,894,63.71884092,689366.8031,,
2,7,888,63.71884092,679439.4292,,
2,7,894,63.71884092,689366.8031,,
2,7,888,63.71884092,679439.4292,,
2,8,968,99.0950858,754995.7499,,
2,8,961,99.0950858,742880.0811,,
2,8,969,99.0950858,756734.5597,,
2,8,962,99.0950858,744604.891,,
2,8,969,99.0950858,756734.5597,,
2,8,961,99.0950858,742880.0811,,
2,8,969,99.0950858,756734.5597,,
2,8,962,99.0950858,744604.891,,
2,8,969,99.0950858,756734.5597,,
2,8,962,99.0950858,744604.891,,
2,8,970,99.0950858,758475.3696,,
2,8,962,99.0950858,744604.891,,
2,8,970,99.0950858,758475.3696,,
2,8,961,99.0950858,742880.0811,,
2,8,970,99.0950858,758475.3696,,
2,8,962,99.0950858,744604.891,,
2,8,970,99.0950858,758475.3696,,
2,8,961,99.0950858,742880.0811,,
2,8,970,99.0950858,758475.3696,,
2,8,962,99.0950858,744604.891,,
2,8,970,99.0950858,758475.3696,,
2,8,961,99.0950858,742880.0811,,
2,9,1048,195.2576894,727169.4483,,
2,9,1040,195.2576894,713589.5713,,
2,9,1048,195.2576894,727169.4483,,
2,9,1040,195.2576894,713589.5713,,
2,9,1047,195.2576894,725464.9637,,
2,9,1040,195.2576894,713589.5713,,
2,9,1048,195.2576894,727169.4483,,
2,9,1040,195.2576894,713589.5713,,
2,9,1049,195.2576894,728875.9329,,
2,9,1040,195.2576894,713589.5713,,
2,9,1049,195.2576894,728875.9329,,
2,9,1039,195.2576894,711901.0867,,
2,9,1048,195.2576894,727169.4483,,
2,9,1041,195.2576894,715280.0559,,
2,9,1044,195.2576894,720363.5098,,
2,9,1041,195.2576894,715280.0559,,
2,9,1048,195.2576894,727169.4483,,
2,9,1039,195.2576894,711901.0867,,
2,9,1048,195.2576894,727169.4483,,
2,9,1040,195.2576894,713589.5713,,
2,9,1048,195.2576894,727169.4483,,
2,9,1040,195.2576894,713589.5713,,
2,10,1125,456.6547474,446685.3767,,
2,10,1116,456.6547474,434736.1622,,
2,10,1124,456.6547474,445349.6862,,
2,10,1116,456.6547474,434736.1622,,
2,10,1123,456.6547474,444015.9957,,
2,10,1118,456.6547474,437377.5432,,
2,10,1124,456.6547474,445349.6862,,
2,10,1116,456.6547474,434736.1622,,
2,10,1125,456.6547474,446685.3767,,
2,10,1116,456.6547474,434736.1622,,
2,10,1125,456.6547474,446685.3767,,
2,10,1116,456.6547474,434736.1622,,
2,10,1124,456.6547474,445349.6862,,
2,10,1117,456.6547474,436055.8527,,
2,10,1124,456.6547474,445349.6862,,
2,10,1116,456.6547474,434736.1622,,
2,10,1124,456.6547474,445349.6862,,
2,10,1116,456.6547474,434736.1622,,
2,10,1125,456.6547474,446685.3767,,
2,10,1116,456.6547474,434736.1622,,
2,10,1124,456.6547474,445349.6862,,
2,10,1117,456.6547474,436055.8527,,
